883
572
842
55
612
663
183
551
714
548
531
49
529
94
438
818
839
41
82
891
909
752
797
700
121
125
152
410
810
529
474
264
508
122
462
539
328
219
207
787
736
109
450
838
903
197
531
669
112
289
344
142
121
51
388
673
539
457
90
371
61
320
286
788
448
614
989
576
735
645
177
585
543
678
860
98
246
223
866
849
697
14
580
596
661
628
98
17
822
829
238
495
265
956
629
824
421
405
45
468
259
406
844
482
638
456
453
301
158
207
280
638
300
662
397
896
524
959
360
887
57
475
448
447
702
613
179
180
159
461
87
518
549
496
368
315
444
200
48
18
27
84
413
399
125
138
59
903
916
830
760
750
514
755
757
110
276
374
239
183
128
61
673
889
661
191
375
335
243
327
271
699
201
547
395
201
215
37
656
647
265
628
775
514
725
927
714
666
238
319
725
682
861
869
662
616
447
400
821
521
466
509
515
688
850
906
654
447
268
597
884
383
939
434
65
485
405
396
76
359
240
534
764
314
496
502
643
585
79
84
123
479
212
650
650
830
992
97
449
498
89
83
54
673
475
234
757
572
290
296
615
494
355
919
696
841
671
963
266
305
244
455
538
425
332
314
45
439
498
137
973
702
391
472
169
328
896
462
809
903
363
855
666
472
805
886
451
726
223
750
953
883
872
602
949
204
825
704
607
156
457
555
957
995
964
424
209
300
485
99
704
791
626
495
545
691
901
385
548
696
190
526
468
708
502
738
341
378
868
854
408
404
23
766
784
906
863
935
200
413
423
776
501
317
512
467
443
225
937
832
200
5
1
5
71
983
983
173
237
223
170
208
341
134
72
196
530
319
449
164
376
295
347
641
428
443
253
199
235
843
873
663
482
790
740
731
53
430
376
670
941
55
897
814
690
142
425
692
483
919
877
287
817
193
711
816
843
26
10
142
154
106
633
589
883
675
650
628
562
698
860
845
87
458
165
561
96
807
897
778
417
720
728
651
131
983
236
851
727
332
638
363
900
725
669
476
891
107
701
598
563
938
739
472
629
154
521
399
582
259
566
432
715
599
138
101
103
109
389
44
396
551
457
780
472
548
388
781
402
401
55
680
709
998
741
649
512
63
549
600
423
898
854
219
650
622
483
744
204
65
151
184
310
283
183
992
958
270
450
449
487
122
469
687
865
553
234
138
219
620
959
455
450
937
725
864
571
479
394
789
494
874
829
51
138
974
977
643
66
696
235
346
502
443
102
376
471
413
60
540
14
538
116
985
979
685
706
59
701
729
57
332
959
709
476
205
523
32
491
510
55
934
924
12
539
530
368
389
313
201
674
645
508
179
550
692
451
865
186
80
104
396
740
960
391
109
378
557
544
37
575
866
432
232
175
365
381
90
373
727
681
61
708
264
618
953
860
534
367
841
878
724
824
158
900
919
41
685
153
583
571
651
635
682
774
108
449
430
41
979
178
954
416
787
923
167
824
737
787
568
408
96
592
615
71
930
950
388
271
202
686
496
446
178
911
817
39
699
661
733
214
796
472
522
103
229
697
486
231
832
668
804
763
974
155
365
392
400
853
475
756
926
592
537
701
390
611
543
190
388
205
377
721
942
341
532
437
782
841
248
929
273
941
965
474
744
374
991
381
999
701
315
854
174
482
477
833
442
604
173
499
362
624
575
441
426
336
110
34
889
874
838
419
595
127
111
149
880
741
930
225
535
695
615
514
155
536
861
777
821
834
290
448
468
93
451
689
631
745
102
731
109
879
812
97
962
975
828
369
603
695
395
916
201
616
469
840
607
689
843
886
157
282
381
275
993
163
969
258
293
47
891
811
431
884
222
887
347
251
421
74
478
486
798
872
300
464
125
421
895
230
806
666
258
441
173
160
100
797
95
855
204
392
543
449
391
786
557
734
337
755
789
94
79
39
100
379
503
191
197
365
226
497
582
214
928
525
558
62
946
985
158
389
450
838
475
381
368
849
746
702
649
709
857
435
474
907
918
434
41
667
635
997
787
509
652
645
57
191
456
388
767
203
754
400
569
790
993
823
251
571
671
157
804
136
696
359
282
529
213
173
247
706
502
756
402
556
702
615
226
402
20
41
57
218
444
647
528
719
757
72
520
541
822
741
201
706
190
814
46
914
951
943
272
789
397
634
961
908
296
700
819
528
555
157
419
456
383
554
713
786
375
415
117
507
396
887
288
686
945
886
751
725
348
984
327
198
284
612
262
480
468
189
451
728
418
979
808
853
304
710
864
627
135
534
467
593
27
610
583
494
249
294
614
660
360
324
141
800
483
555
950
901
105
143
848
983
225
640
424
204
316
260
28
712
713
608
361
898
135
585
667
56
872
928
966
987
219
987
793
360
534
717
566
287
690
660
789
63
838
565
196
419
577
632
676
860
4
858
108
217
252
892
939
312
11
16
15
494
441
103
238
656
792
375
412
392
430
115
316
464
509
939
77
124
58
459
462
513
159
132
132
264
353
543
770
797
197
869
204
919
382
213
234
697
119
674
792
52
744
371
378
349
21
691
707
402
630
995
370
738
597
371
804
993
312
678
892
173
335
362
165
438
598
7
510
519
736
601
989
281
367
505
342
348
42
799
863
467
174
123
189
755
811
79
544
830
594
234
377
566
218
411
591
32
852
863
385
380
34
558
375
538
207
398
591
130
536
657
170
230
396
336
582
617
645
514
132
73
50
30
909
377
557
391
293
658
131
669
641
911
603
554
441
370
149
261
399
160
442
434
501
618
757
667
572
578
59
547
428
194
873
508
871
50
165
143
131
145
245
683
664
485
53
243
206
64
21
64
35
87
59
729
665
63
652
988
547
302
311
102
969
392
694
56
192
164
21
395
396
562
877
877
803
626
527
699
676
119
296
368
155
280
251
29
692
693
1
105
264
262
505
696
251
503
387
352
42
137
122
955
476
585
606
123
724
48
612
643
357
686
977
786
844
298
192
253
344
721
39
715
673
344
378
332
17
335
6
313
314
904
554
534
93
75
99
293
446
392
597
508
115
830
321
655
370
276
527
654
737
527
961
15
952
352
680
797
645
59
605
383
10
372
157
108
125
542
607
106
233
185
141
525
642
545
640
779
857
872
756
938
233
204
210
882
20
873
16
417
418
775
874
689
774
500
686
123
93
29
634
657
515
521
552
906
883
181
935
278
236
66
897
474
503
717
337
657
112
96
17
3
690
692
323
48
302
850
884
64
31
957
954
445
759
472
506
474
626
491
93
423
145
798
822
361
361
76
149
134
122
51
689
731
851
55
816
993
474
925
785
238
606
226
483
376
81
134
130
306
789
764
156
641
796
182
774
728
611
188
522
32
284
256
418
457
285
290
595
763
832
503
736
687
820
491
246
322
166
803
801
26
453
585
169
703
191
678
953
952
926
260
658
914
599
701
624
263
336
268
19
520
540
761
261
884
773
808
36
771
732
146
871
595
784
279
691
692
555
532
140
104
357
360
205
379
354
446
440
66
659
736
863
731
971
615
568
394
931
232
804
606
58
631
574
785
487
892
271
528
695
724
63
749
494
523
68
95
966
987
252
9
255
752
294
974
906
600
864
948
956
17
454
193
365
345
686
461
531
540
6
63
204
228
189
909
993
821
804
70
311
286
47
99
738
794
566
379
370
670
731
472
58
227
210
83
892
890
899
84
901
826
589
391
339
441
281
597
260
809
466
631
815
461
601
492
568
118
497
951
851
109
816
332
690
402
607
862
661
196
605
708
424
530
290
600
547
148
294
173
361
262
518
635
921
364
519
169
352
868
847
452
410
623
212
183
181
174
251
113
297
549
871
704
758
13
745
819
982
246
607
475
769
41
481
517
816
32
847
358
416
686
533
567
169
244
430
370
550
827
849
696
674
999
552
549
70
355
911
956
398
412
12
861
898
38
312
895
622
242
289
442
93
125
62
546
696
540
546
645
125
565
698
351
163
315
426
164
914
808
114
449
340
863
358
752
76
416
447
98
730
710
709
178
767
157
374
533
401
795
543
921
871
59
459
601
361
919
729
541
641
667
556
628
573
363
756
40
719
145
97
74
221
465
495
931
39
965
371
385
142
475
228
402
364
706
765
494
950
669
117
209
328
828
803
341
504
813
431
368
609
950
67
68
91
145
10
147
565
923
752
175
390
341
786
830
540
281
995
927
846
866
65
514
339
358
487
788
550
48
84
103
827
798
197
935
481
475
809
881
404
844
585
679
329
566
596
480
111
385
472
948
532
874
969
412
805
838
131
942
413
663
99
478
380
60
42
104
359
801
718
608
111
554
482
460
41
238
222
427
613
401
725
357
189
206
656
375
550
487
664
728
456
783
749
866
883
33
113
111
54
464
567
559
53
146
94
944
262
720
205
760
733
236
676
786
611
310
903
320
212
202
936
219
720
28
143
146
297
353
164
830
824
37
576
708
779
311
229
177
784
358
516
144
404
306
550
442
689
540
564
30
406
779
374
924
843
363
191
726
816
662
652
354
979
965
786
581
588
179
748
24
722
724
266
493
658
366
705
311
15
327
271
168
253
403
740
508
839
70
802
618
676
455
318
854
598
591
790
976
162
168
305
184
370
507
382
805
644
437
424
280
12
359
362
537
676
608
595
480
368
891
893
540
601
67
563
867
330
564
379
302
107
492
767
517
424
247
204
455
201
414
300
266
60
163
795
701
487
687
769
811
466
782
769
543
591
757
249
836
820
692
411
67
482
463
114
369
263
644
411
384
3
451
446
502
792
853
534
594
67
738
859
567
222
12
210
442
527
411
821
524
786
37
679
672
184
648
741
572
857
441
622
186
456
707
438
466
989
959
457
585
550
197
104
393
369
606
756
718
494
692
967
979
963
23
467
287
591
312
349
339
701
715
382
289
637
347
362
593
339
778
830
127
548
701
953
21
496
508
873
730
416
339
248
142
859
459
520
70
741
732
706
221
491
167
110
198
59
227
235
17
14
15
794
884
621
222
159
309
336
509
586
234
104
235
24
204
218
398
534
878
509
556
359
767
120
703
903
686
418
253
471
286
20
648
641
496
754
300
985
149
958
865
450
417
675
813
357
712
654
930
983
100
910
934
986
157
216
291
114
680
876
318
650
795
164
943
552
983
212
789
795
800
852
227
616
185
470
537
109
519
590
567
88
279
553
706
545
422
255
822
246
820
549
532
343
385
634
784
843
487
640
795
103
889
305
537
236
668
168
532
831
227
971
474
46
499
658
726
776
401
433
431
619
110
690
177
454
371
24
706
731
838
158
856
337
298
125
601
197
725
749
187
595
351
558
343
958
104
854
348
634
983
443
440
452
31
925
935
308
653
834
511
546
66
838
816
497
454
878
664
560
815
590
175
14
161
43
787
743
882
957
123
864
694
560
212
160
87
550
53
505
755
97
823
35
390
399
919
879
617
393
262
541
927
376
897
113
100
12
363
5
358
700
687
374
456
3
460
611
9
600
322
187
141
293
316
39
283
889
822
501
775
594
497
700
244
364
575
628
655
540
870
873
804
73
569
212
676
181
347
425
234
202
31
505
611
115
366
101
451
356
130
445
731
716
134
700
645
857
173
222
127
476
944
863
761
133
810
858
788
253
108
276
294
655
600
98
114
747
660
388
410
146
773
814
106
691
195
743
838
67
881
521
362
221
788
345
453
970
978
238
676
350
876
756
682
704
220
470
614
522
402
885
578
675
452
700
262
961
745
921
675
817
144
841
157
717
869
264
591
794
925
910
457
28
896
925
939
7
949
932
682
317
449
502
841
83
91
10
582
932
805
335
816
570
933
892
147
907
921
27
421
896
785
281
192
386
910
702
274
144
73
200
286
353
117
504
288
415
268
244
183
437
426
537
85
756
829
15
381
372
550
561
27
696
88
771
475
446
864
316
154
407
713
606
665
497
548
68
868
927
796
818
963
719
41
233
248
8
258
252
259
987
950
484
543
192
197
135
74
225
356
398
875
839
67
133
71
178
16
760
752
909
960
97
313
601
664
270
208
150
561
229
595
169
863
925
884
887
45
243
310
189
619
146
750
180
173
241
703
57
660
408
772
389
762
886
524
10
591
586
898
510
525
847
838
410
322
312
8
70
469
448
335
312
431
629
602
86
78
387
363
408
399
10
588
413
273
908
752
370
143
74
113
570
249
475
392
461
169
731
973
633
732
798
64
260
361
531
894
706
735
816
81
821
126
740
824
45
735
730
58
780
836
243
320
78
283
297
65
120
885
786
217
18
205
450
209
653
392
533
314
265
208
303
598
289
836
317
43
326
15
422
422
286
609
764
316
3
312
297
299
1
780
879
200
478
516
709
289
366
89
427
325
678
993
403
640
353
611
851
871
593
853
530
866
592
908
19
926
991
703
420
912
829
223
172
175
173
694
6
694
482
585
485
326
475
458
136
102
230
662
429
936
445
582
522
64
692
683
713
162
833
435
37
434
156
157
14
932
75
944
92
901
905
762
159
702
863
997
145
39
892
917
504
752
623
342
672
960
124
250
350
608
552
259
336
421
207
970
855
883
531
472
216
731
526
256
933
574
469
633
302
358
328
185
450
708
66
747
274
674
779
848
655
362
561
71
537
506
499
51
190
935
950
359
468
403
619
915
631
955
938
20
840
944
225
393
489
146
447
317
405
453
921
813
605
565
160
200
797
792
596
376
613
573
927
572
83
233
154
160
277
369
949
959
13
460
182
527
484
781
419
578
633
613
925
544
640
599
668
122
355
458
279
532
697
842
743
330
588
742
251
885
187
226
97
955
537
722
529
903
902
990
924
307
41
499
520
374
780
517
354
419
167
784
270
981
688
232
678
262
87
306
933
895
68
835
818
234
468
622
760
168
679
722
716
823
132
168
696
619
408
304
275
304
533
740
936
872
295
183
809
662
182
208
260
748
968
807
681
666
94
868
831
630
711
734
333
430
258
608
376
528
471
279
990
953
619
138
522
443
228
317
659
316
461
619
576
104
333
269
548
934
902
371
830
914
103
28
766
782
975
951
679
350
99
428
32
837
858
951
482
544
798
607
238
146
203
308
643
480
265
500
39
466
234
582
531
409
333
269
860
688
270
592
503
344
946
951
974
481
142
338
899
10
897
86
648
734
397
602
977
490
122
495
888
30
879
856
834
747
339
274
269
223
362
404
898
591
437
311
149
335
977
11
979
730
89
657
777
342
937
10
906
899
60
298
254
323
819
526
128
344
270
705
62
727
847
55
831
276
326
472
465
501
441
221
553
502
116
498
424
608
586
752
542
379
169
302
77
332
584
558
26
911
857
215
631
334
544
824
716
852
456
609
409
903
8
911
483
300
411
687
438
785
194
274
227
493
828
718
619
384
511
289
653
503
341
545
827
642
706
569
223
364
324
239
270
120
345
574
533
391
355
512
254
155
383
314
397
277
215
268
77
683
893
538
419
389
92
730
736
891
125
372
313
37
613
627
290
765
803
459
263
321
107
18
101
246
201
108
616
292
880
308
750
732
861
782
995
728
277
476
318
559
829
513
477
275
906
885
216
432
381
139
236
433
281
643
198
624
83
195
136
692
566
649
604
203
407
681
374
892
894
847
58
161
159
132
266
350
121
771
570
633
447
411
663
631
280
387
724
88
701
784
925
199
669
459
407
584
771
898
92
194
239
256
303
166
271
203
220
827
860
37
579
392
871
621
551
535
913
547
862
907
929
505
202
245
96
380
282
617
485
482
3
572
599
85
283
588
658
266
751
542
531
587
905
858
822
397
866
910
256
667
323
832
211
65
279
153
213
279
776
590
820
358
976
618
465
159
460
115
866
804
247
577
548
193
766
637
299
153
179
685
719
172
662
745
682
320
697
674
249
82
184
271
741
508
222
283
231
377
123
475
127
140
21
181
704
842
36
718
698
434
529
179
612
603
357
96
123
57
688
822
583
884
421
813
100
749
756
556
915
430
360
594
937
659
682
196
364
435
203
843
190
716
523
187
473
879
974
177
791
815
176
738
298
915
621
626
154
897
849
854
858
515
966
850
922
371
430
395
675
461
518
159
606
483
598
296
640
601
78
827
903
209
842
699
414
112
321
731
136
869
396
528
284
344
482
395
576
78
532
165
745
866
546
800
320
981
813
332
226
673
491
536
934
479
444
442
5
853
410
444
462
217
623
905
403
880
685
736
484
812
818
929
542
67
476
631
550
137
849
578
481
618
451
167
41
511
510
335
266
387
726
649
428
211
59
271
396
524
601
305
757
678
780
903
923
750
582
334
745
67
739
775
493
954
768
616
345
647
294
696
568
165
488
660
662
418
508
220
672
416
377
266
4
742
745
840
806
148
221
323
334
10
364
365
765
937
998
614
619
228
419
481
126
787
696
809
147
173
42
497
409
774
401
673
767
101
903
903
291
118
346
365
573
785
495
580
465
287
272
34
212
201
142
276
707
824
328
407
293
782
590
425
526
794
597
897
34
916
564
441
695
341
556
882
247
31
230
940
849
679
830
226
960
513
867
598
183
378
396
866
949
921
502
478
579
260
463
271
220
77
194
735
828
658
984
579
458
628
882
768
663
279
888
185
186
51
798
785
97
617
317
682
442
437
14
557
56
538
953
30
965
413
366
323
402
211
312
185
424
272
94
90
179
470
431
853
329
592
478
959
73
953
644
817
276
354
488
165
36
382
368
167
102
123
520
469
243
596
726
466
632
219
633
339
723
572
452
387
521
253
73
249
582
362
767
680
912
448
70
932
887
650
702
846
411
532
135
602
612
943
573
998
727
667
648
190
486
300
781
610
802
510
534
137
514
540
433
516
755
629
540
167
159
7
855
907
102
601
554
390
757
760
264
412
408
494
219
576
787
178
80
220
566
286
397
953
112
959
56
699
729
848
751
396
5
26
26
117
601
601
420
595
277
493
114
518
644
577
527
352
336
38
313
966
839
156
202
58
839
880
291
706
20
700
578
602
36
936
475
901
277
600
870
334
22
313
975
62
927
863
451
879
284
178
306
299
794
995
820
178
834
809
758
100
915
468
825
791
700
564
401
879
781
171
330
483
607
249
801
285
792
730
844
680
268
506
726
813
823
969
184
856
77
914
385
689
645
581
421
677
807
369
575
785
863
157
424
337
92
664
825
992
538
586
153
871
272
803
456
670
297
387
393
62
148
519
499
860
588
311
650
868
575
897
851
256
265
684
663
420
921
535
731
764
585
843
705
310
100
891
790
519
511
15
549
931
800
247
241
5
159
169
269
172
404
468
39
700
672
656
324
577
948
599
483
366
402
587
769
87
739
917
982
124
87
888
932
816
490
967
823
290
990
686
908
269
575
223
481
47
51
15
416
973
592
276
260
513
889
70
861
932
831
195
436
497
199
450
645
879
71
724
730
260
683
817
480
262
453
216
285
150
343
541
837
501
639
515
470
555
242
29
4
31
570
413
751
150
693
620
565
316
516
615
806
609
468
703
771
2
802
807
892
204
802
364
645
883
177
649
693
598
523
77
619
205
716
476
628
822
222
745
948
618
785
429
425
192
288
401
437
49
769
179
876
375
162
242
785
874
885
315
728
801
914
21
915
118
221
123
398
481
191
775
672
134
388
188
552
111
827
736
666
197
858
932
556
822
5
67
60
860
730
176
901
493
599
316
134
380
187
295
164
248
848
768
361
290
482
618
81
624
140
2
142
539
497
45
500
442
190
225
36
249
431
137
369
278
165
278
39
545
520
703
464
431
555
149
619
956
475
957
877
181
882
432
74
504
295
50
268
717
960
837
56
537
578
724
445
291
117
222
230
99
117
34
721
560
895
624
239
649
68
492
467
881
967
227
724
301
711
412
329
680
437
266
486
285
801
627
321
84
276
178
325
305
671
964
539
537
629
227
62
380
327
813
721
943
463
367
471
505
508
20
369
775
729
547
830
792
849
144
795
594
612
207
740
917
957
103
687
614
359
838
563
351
875
593
344
647
826
920
103
917
894
635
273
157
306
238
91
152
112
77
610
664
734
764
45
315
515
638
825
801
961
253
534
708
638
679
152
60
967
935
19
578
572
530
445
785
281
69
345
762
20
750
595
209
551
835
943
121
665
160
818
603
682
345
254
19
259
662
406
676
573
839
905
840
901
69
753
852
786
593
370
891
425
540
641
533
528
71
16
862
866
350
380
362
204
861
831
204
566
402
108
351
343
692
697
541
360
358
109
497
287
655
855
847
94
577
627
974
182
306
189
797
16
786
377
399
91
434
28
435
252
745
932
659
734
312
355
321
199
697
293
701
342
35
351
241
220
130
810
372
446
325
298
85
379
66
315
221
62
286
33
420
448
886
389
934
527
681
151
48
226
177
863
830
32
518
353
558
449
284
193
106
865
782
370
344
269
999
367
850
335
254
294
10
979
983
398
468
295
545
935
660
692
512
396
772
207
867
264
384
366
349
62
376
489
744
371
879
915
891
466
164
582
505
682
886
188
269
345
8
499
497
849
912
129
998
714
341
562
825
787
208
503
343
930
925
12
560
654
810
805
775
217
797
196
666
645
397
685
14
863
875
43
206
238
68
477
412
478
472
363
723
378
795
692
433
289
854
717
856
953
436
567
170
338
325
297
296
10
997
325
859
427
935
882
421
88
470
262
57
226
179
606
616
690
257
647
429
174
408
310
301
161
329
422
331
790
751
143
905
723
358
268
238
28
331
677
490
660
162
785
448
112
471
248
646
663
423
399
154
328
20
308
908
747
218
787
302
831
391
439
283
864
701
239
510
157
532
450
489
193
601
193
685
20
971
972
22
191
210
452
145
404
737
100
722
779
766
49
67
952
931
102
919
824
983
770
501
972
926
688
225
522
310
25
852
849
93
351
418
134
803
892
205
81
268
524
718
409
403
829
496
602
484
608
720
225
907
402
98
358
565
651
406
985
441
586
409
387
736
976
995
33
760
745
393
233
239
78
512
345
345
60
68
60
618
84
581
191
862
932
425
354
326
767
450
511
470
172
434
142
840
965
700
963
633
480
854
780
348
179
498
168
748
906
157
33
141
675
776
696
450
495
42
680
572
965
863
542
842
885
195
906
603
285
788
775
63
828
453
181
469
825
664
408
993
843
168
513
400
412
160
864
929
611
294
784
106
173
217
561
358
338
772
690
102
362
760
844
155
870
998
259
579
784
769
591
976
575
545
141
394
157
263
285
327
414
440
10
435
310
327
546
118
512
485
231
893
677
136
975
924
891
352
715
341
682
795
108
140
87
748
209
661
953
889
146
673
551
883
852
70
782
396
589
447
326
787
895
945
666
399
180
331
321
217
881
960
400
392
91
400
590
749
365
886
894
324
803
553
389
424
548
693
721
781
526
860
954
904
191
810
115
729
760
866
66
858
181
768
771
290
277
32
651
698
599
936
817
438
345
742
515
119
769
832
816
654
855
846
831
107
769
352
728
466
411
137
98
263
244
726
572
751
359
775
873
158
855
908
215
622
463
754
633
159
189
64
221
234
783
697
492
353
441
143
211
69
924
998
155
801
399
604
367
463
639
408
827
908
394
12
381
197
328
260
97
760
759
656
101
754
876
749
155
725
684
204
786
977
789
949
750
403
536
512
273
590
696
130
822
846
585
30
892
899
94
558
530
630
660
45
681
498
825
953
65
985
598
201
555
212
721
622
453
255
422
263
930
738
276
311
34
450
91
513
873
228
776
337
382
174
428
87
497
677
72
643
137
629
639
975
798
351
781
343
959
904
572
685
290
511
766
670
217
573
271
739
602
539
815
437
498
180
558
495
327
725
663
848
364
602
695
590
274
285
542
557
885
572
681
391
476
696
382
366
188
411
601
702
37
702
635
400
977
662
487
739
504
570
453
385
339
46
560
359
855
668
423
771
545
767
821
714
587
170
777
668
280
599
614
818
383
539
295
325
761
995
197
369
501
164
97
253
676
695
650
60
464
444
31
840
848
759
859
654
303
665
676
358
550
789
790
109
773
332
953
640
212
201
13
502
205
701
491
16
475
649
759
351
510
217
414
758
385
519
558
596
154
573
530
588
719
765
728
405
844
789
662
278
405
766
488
748
367
610
250
794
842
704
406
830
467
77
341
360
912
54
968
532
254
453
477
309
402
819
444
639
909
904
28
648
441
688
622
469
306
25
999
987
876
791
400
294
209
192
14
434
442
888
856
328
203
929
757
750
538
379
323
915
960
37
528
502
498
494
52
43
7
50
959
815
965
542
258
446
805
264
560
363
176
340
136
71
89
681
149
737
529
941
685
945
518
787
90
835
921
508
764
285
173
618
493
786
301
890
486
26
459
331
568
369
199
934
963
504
580
892
94
547
598
810
478
592
590
162
446
692
728
426
992
812
817
453
421
176
882
998
777
464
554
93
303
941
807
864
839
379
480
403
335
857
817
89
64
123
69
106
469
387
493
387
266
517
752
930
567
279
433
820
446
972
768
462
420
454
592
288
734
132
630
980
44
968
842
282
662
121
235
120
715
682
265
260
157
233
24
234
220
184
667
608
885
504
891
349
264
384
606
822
308
880
370
792
324
408
163
154
304
418
625
228
493
743
376
847
507
101
424
888
871
59
583
297
315
82
61
102
427
204
625
275
74
233
64
108
62
180
221
188
258
166
415
971
988
36
759
943
737
243
142
374
945
985
695
243
872
681
319
888
786
395
476
443
967
537
430
289
154
179
197
834
901
704
590
365
749
214
868
779
944
482
812
864
303
388
523
586
542
30
515
639
722
931
842
651
706
761
838
890
432
922
939
256
802
918
829
771
77
64
526
588
51
619
584
991
979
21
423
267
405
533
743
589
81
218
194
664
597
584
727
942
649
921
984
113
387
251
261
850
242
608
743
848
644
33
536
517
449
297
560
226
182
52
344
868
857
583
648
300
620
194
453
865
857
27
632
133
723
620
58
608
520
328
215
